Lon Lat Yield EC WHC
-111.785117 42.605248 121.63 12.4 5.13
-111.784443 42.605248 109.26 20.9 NA
-111.783769 42.605248 122.54 23.95 NA
-111.783095 42.605248 124.81 24.12 NA
-111.786464 42.605552 142.45 15.1 NA
-111.785791 42.605552 143.95 17.76 NA
-111.785117 42.605552 126.81 13.82 NA
-111.784443 42.605552 114.17 18.55 NA
-111.783769 42.605552 114.88 23.69 7
-111.783095 42.605552 131.58 27.7 NA
-111.782421 42.605552 127 26.37 NA
-111.781748 42.605552 118.61 25.32 NA
-111.786464 42.605857 145.15 19.15 NA
-111.785791 42.605857 141.51 15.5 NA
-111.785117 42.605857 137.75 17.56 NA
-111.784443 42.605857 115.01 20.2 NA
-111.783769 42.605857 103.51 26.54 7.18
-111.783095 42.605857 118.45 25.86 NA
-111.782421 42.605857 108.03 25.57 NA
-111.781748 42.605857 130.93 26.18 NA
-111.787138 42.606161 142.09 18.84 NA
-111.786464 42.606161 150 19.5 6.48
-111.785791 42.606161 140.67 16.72 NA
-111.785117 42.606161 143.63 15.19 NA
-111.784443 42.606161 129.66 22.61 NA
-111.783769 42.606161 119.74 23.2 NA
-111.783095 42.606161 117.79 24.27 NA
-111.782421 42.606161 110.78 27.47 NA
-111.781748 42.606161 114.35 25.75 NA
-111.781074 42.606161 125.51 27.73 NA
-111.787812 42.606465 112.19 16.95 NA
-111.787138 42.606465 139.13 18.8 NA
-111.786464 42.606465 153.61 18.38 NA
-111.785791 42.606465 153.76 17.71 NA
-111.785117 42.606465 126.35 19.66 NA
-111.784443 42.606465 118.87 26.13 5.01
-111.783769 42.606465 119.09 25.02 NA
-111.783095 42.606465 116.69 24.09 NA
-111.782421 42.606465 102.2 26.03 NA
-111.781748 42.606465 111.12 27.5 NA
-111.781074 42.606465 124.33 27.62 6.74
-111.7804 42.606465 112.41 22.63 7.67
-111.787812 42.60677 102.9 21.17 NA
-111.787138 42.60677 126.84 16.9 NA
-111.786464 42.60677 154.1 20.28 NA
-111.785791 42.60677 160.51 19.05 NA
-111.785117 42.60677 124.33 21.38 6.55
-111.784443 42.60677 127.79 25.49 NA
-111.783769 42.60677 108.59 23.41 NA
-111.783095 42.60677 111.84 25.11 NA
-111.782421 42.60677 105.17 28.66 NA
-111.781748 42.60677 122.83 29 NA
-111.781074 42.60677 129.51 29.2 NA
-111.7804 42.60677 122.63 26.71 NA
-111.788486 42.607074 108.75 27.7 NA
-111.787812 42.607074 118.8 20.29 4.37
-111.787138 42.607074 135.46 16.63 NA
-111.786464 42.607074 148.44 22.75 NA
-111.785791 42.607074 147.73 20.58 NA
-111.785117 42.607074 140.33 21.25 NA
-111.784443 42.607074 120.08 27.54 NA
-111.783769 42.607074 110.32 25.95 NA
-111.783095 42.607074 115.03 24.54 6.46
-111.782421 42.607074 105.29 27.14 NA
-111.781748 42.607074 117.4 26.37 NA
-111.781074 42.607074 122.88 28.7 NA
-111.7804 42.607074 113.04 23.85 NA
-111.779726 42.607074 120.58 26.35 NA
-111.788486 42.607379 115.03 23.77 NA
-111.787812 42.607379 131.62 26.25 NA
-111.787138 42.607379 128.12 23.78 NA
-111.786464 42.607379 137.39 21.26 4.44
-111.785791 42.607379 140.98 20.6 NA
-111.785117 42.607379 133.56 20.78 NA
-111.784443 42.607379 112.98 22.68 6.98
-111.783769 42.607379 109.6 23.97 NA
-111.783095 42.607379 104.18 24.84 6.1
-111.782421 42.607379 110.96 22.81 NA
-111.781748 42.607379 116.91 26.65 NA
-111.781074 42.607379 136.96 28.37 NA
-111.7804 42.607379 125.45 28.63 NA
-111.779726 42.607379 117.26 25.8 NA
-111.788486 42.607683 98.76 29.41 NA
-111.787812 42.607683 116.85 25.28 6.41
-111.787138 42.607683 132.33 23.29 NA
-111.786464 42.607683 146.52 22.83 6.57
-111.785791 42.607683 147.83 22.47 5.85
-111.785117 42.607683 148.64 20.08 NA
-111.784443 42.607683 132.31 29.97 5.81
-111.783769 42.607683 117.21 26.06 NA
-111.783095 42.607683 94.97 26.93 NA
-111.782421 42.607683 106.28 23.81 NA
-111.781748 42.607683 119.67 26.14 NA
-111.781074 42.607683 123.98 26.85 NA
-111.7804 42.607683 139.88 25.42 NA
-111.779726 42.607683 109.96 26.3 NA
-111.78916 42.607988 101.26 23.44 NA
-111.788486 42.607988 110.75 27.51 4.64
-111.787812 42.607988 118.98 26.24 4.44
-111.787138 42.607988 145.27 27.94 5.93
-111.786464 42.607988 140.6 25.91 NA
-111.785791 42.607988 135.95 21.34 NA
-111.785117 42.607988 124.22 22.5 NA
-111.784443 42.607988 122.73 20.93 6.59
-111.783769 42.607988 95.28 25.67 NA
-111.783095 42.607988 97.1 24.51 NA
-111.782421 42.607988 104.25 25.87 NA
-111.781748 42.607988 119.94 24.52 7
-111.781074 42.607988 124.14 21.85 NA
-111.7804 42.607988 118.58 24.76 NA
-111.779726 42.607988 121.56 27.94 NA
-111.779052 42.607988 107.35 28.06 NA
-111.78916 42.608292 100.68 22.81 NA
-111.788486 42.608292 119.64 26.63 5.12
-111.787812 42.608292 128.97 26.04 NA
-111.787138 42.608292 133.82 27.23 NA
-111.786464 42.608292 153.75 25.26 NA
-111.785791 42.608292 136.68 23.58 NA
-111.785117 42.608292 133.12 26.53 NA
-111.784443 42.608292 121.17 23.88 NA
-111.783769 42.608292 122.57 27.85 NA
-111.783095 42.608292 103.86 22.65 NA
-111.782421 42.608292 117.37 25.62 NA
-111.781748 42.608292 114.33 27.42 NA
-111.781074 42.608292 136.4 20.11 NA
-111.7804 42.608292 121.35 21.35 NA
-111.779726 42.608292 114.7 26.94 6.53
-111.779052 42.608292 123.59 26.59 NA
-111.78916 42.608597 95.93 22.47 3.59
-111.788486 42.608597 117.38 24.66 4.96
-111.787812 42.608597 134.15 26.03 NA
-111.787138 42.608597 122.32 23.67 NA
-111.786464 42.608597 144.91 24.22 5.88
-111.785791 42.608597 129.31 22.36 8.44
-111.785117 42.608597 123.02 23.04 6.41
-111.784443 42.608597 128.38 23.95 NA
-111.783769 42.608597 113.86 24.94 NA
-111.783095 42.608597 110.59 21.5 NA
-111.782421 42.608597 118.4 25.86 NA
-111.781748 42.608597 123.44 26.34 7.73
-111.781074 42.608597 138.36 23.08 NA
-111.7804 42.608597 114.7 22.87 NA
-111.779726 42.608597 112.21 22.64 NA
-111.779052 42.608597 112.15 24.35 NA
-111.78916 42.608901 101.21 24.69 2.99
-111.788486 42.608901 110.17 23.98 NA
-111.787812 42.608901 131.95 25.57 3.84
-111.787138 42.608901 138.37 24.43 NA
-111.786464 42.608901 143.89 21.62 NA
-111.785791 42.608901 127.39 23.39 8.31
-111.785117 42.608901 121.78 24.68 NA
-111.784443 42.608901 122.63 25.77 NA
-111.783769 42.608901 120.29 20.54 NA
-111.783095 42.608901 113.26 22.7 NA
-111.782421 42.608901 121.87 21.1 NA
-111.781748 42.608901 129.67 24.06 NA
-111.781074 42.608901 127.8 23.49 NA
-111.7804 42.608901 113.1 22.36 NA
-111.779726 42.608901 116.15 23.36 NA
-111.779052 42.608901 111.67 27.97 8.31
-111.78916 42.609206 106.05 24.62 NA
-111.788486 42.609206 109.53 23.29 NA
-111.787812 42.609206 113.39 24.35 NA
-111.787138 42.609206 137.88 24.98 NA
-111.786464 42.609206 133.81 25.93 NA
-111.785791 42.609206 136.45 25.15 NA
-111.785117 42.609206 112.62 26.41 5.49
-111.784443 42.609206 121.85 18.46 NA
-111.783769 42.609206 118.3 21.51 NA
-111.783095 42.609206 107.93 19.84 5.58
-111.782421 42.609206 129.02 25.66 NA
-111.781748 42.609206 127.91 22.92 NA
-111.781074 42.609206 126.1 21.62 NA
-111.7804 42.609206 122.6 19.15 NA
-111.779726 42.609206 102.9 25.09 NA
-111.779052 42.609206 109.06 29.07 NA
-111.78916 42.60951 97.99 22.53 NA
-111.788486 42.60951 110.2 21.67 4.31
-111.787812 42.60951 132.96 25.83 NA
-111.787138 42.60951 122.54 25.68 NA
-111.786464 42.60951 132.16 24.91 NA
-111.785791 42.60951 125.78 21.75 NA
-111.785117 42.60951 126.54 27.42 NA
-111.784443 42.60951 119.11 23.59 NA
-111.783769 42.60951 114.3 21.45 NA
-111.783095 42.60951 118.15 21.59 NA
-111.782421 42.60951 132.07 21.04 NA
-111.781748 42.60951 119.6 21.81 5.17
-111.781074 42.60951 138.19 17.71 NA
-111.7804 42.60951 119.57 20.11 NA
-111.779726 42.60951 109.96 21.23 NA
-111.779052 42.60951 110.66 26.77 8.27
-111.789833 42.609815 88.23 24.21 6.23
-111.78916 42.609815 114.02 25.68 NA
-111.788486 42.609815 122.67 22.08 NA
-111.787812 42.609815 112.8 23.51 5.6
-111.787138 42.609815 122.87 25.52 NA
-111.786464 42.609815 113.69 26.14 NA
-111.785791 42.609815 125.76 26.56 NA
-111.785117 42.609815 116.56 29.87 6.15
-111.784443 42.609815 104.3 21.48 NA
-111.783769 42.609815 116.98 20.96 NA
-111.783095 42.609815 108.43 19.83 NA
-111.782421 42.609815 120.72 20.52 NA
-111.781748 42.609815 135.56 23.6 NA
-111.781074 42.609815 133.79 19.07 NA
-111.7804 42.609815 119.21 19.79 NA
-111.779726 42.609815 102.23 24.01 NA
-111.779052 42.609815 111.16 26.87 NA
-111.778379 42.609815 111.74 30.67 8.54
-111.789833 42.610119 98.05 23.28 NA
-111.78916 42.610119 101.48 23.79 NA
-111.788486 42.610119 115.87 21.77 5.49
-111.787812 42.610119 110.06 24.78 NA
-111.787138 42.610119 121.08 25.46 NA
-111.786464 42.610119 127.96 26.21 NA
-111.785791 42.610119 118.57 28.59 NA
-111.785117 42.610119 111.02 29.79 NA
-111.784443 42.610119 105.27 24.19 NA
-111.783769 42.610119 107.92 21.84 NA
-111.783095 42.610119 137.87 17.44 NA
-111.782421 42.610119 130.22 23.11 NA
-111.781748 42.610119 128.5 22.31 5.88
-111.781074 42.610119 129.72 21.24 NA
-111.7804 42.610119 130.11 16.04 NA
-111.779726 42.610119 125.25 21.92 NA
-111.779052 42.610119 99.34 27.3 NA
-111.778379 42.610119 105.84 29.4 NA
-111.789833 42.610424 91.49 24.51 NA
-111.78916 42.610424 111.59 26.87 NA
-111.788486 42.610424 101.19 24.81 6.13
-111.787812 42.610424 120.81 22.39 5.05
-111.787138 42.610424 110.86 24.38 NA
-111.786464 42.610424 107.92 26.89 6.44
-111.785791 42.610424 111.53 26.33 NA
-111.785117 42.610424 117.82 29.66 NA
-111.784443 42.610424 107.26 27.15 NA
-111.783769 42.610424 111.45 21.15 NA
-111.783095 42.610424 122.63 20.84 NA
-111.782421 42.610424 133.78 20.58 NA
-111.781748 42.610424 126.78 23.51 NA
-111.781074 42.610424 127.26 20.23 NA
-111.7804 42.610424 125.25 18.58 NA
-111.779726 42.610424 113.11 22.13 NA
-111.779052 42.610424 108.56 21.93 NA
-111.778379 42.610424 113.33 26.91 NA
-111.789833 42.610728 101.35 19.74 NA
-111.78916 42.610728 107.91 22.5 NA
-111.788486 42.610728 99.5 23.39 NA
-111.787812 42.610728 93.24 23.26 NA
-111.787138 42.610728 92.97 18.99 NA
-111.786464 42.610728 115.01 27.19 NA
-111.785791 42.610728 109.2 25.39 NA
-111.785117 42.610728 110.56 27.8 NA
-111.784443 42.610728 111.96 26.4 NA
-111.783769 42.610728 110.29 21.57 NA
-111.783095 42.610728 135.55 19.72 NA
-111.782421 42.610728 120.86 22.55 NA
-111.781748 42.610728 133.43 22.89 NA
-111.781074 42.610728 133.36 21.31 NA
-111.7804 42.610728 128.2 16.51 NA
-111.779726 42.610728 112.04 21.27 NA
-111.779052 42.610728 100.92 25.25 NA
-111.778379 42.610728 116.99 23.91 NA
-111.789833 42.611033 94.12 18.5 NA
-111.78916 42.611033 92.29 21.03 NA
-111.788486 42.611033 103.39 21.26 5.79
-111.787812 42.611033 99.51 17.59 NA
-111.787138 42.611033 88.66 17.2 NA
-111.786464 42.611033 100.38 23.04 NA
-111.785791 42.611033 100.47 25.28 5.82
-111.785117 42.611033 106.5 25.94 NA
-111.784443 42.611033 115.39 24.88 NA
-111.783769 42.611033 104.34 21.48 NA
-111.783095 42.611033 130.28 21.27 NA
-111.782421 42.611033 124.05 18.22 NA
-111.781748 42.611033 128.41 20.63 NA
-111.781074 42.611033 127.11 24.21 NA
-111.7804 42.611033 128.72 23.04 NA
-111.779726 42.611033 121.86 24.31 NA
-111.779052 42.611033 115.91 20.35 NA
-111.778379 42.611033 138.81 24.25 NA
-111.789833 42.611337 110.3 20.49 NA
-111.78916 42.611337 85.27 23.25 NA
-111.788486 42.611337 90.43 21.07 NA
-111.787812 42.611337 95.79 17.21 5.17
-111.787138 42.611337 107.83 13.33 NA
-111.786464 42.611337 96.11 20.14 NA
-111.785791 42.611337 110.49 24.49 NA
-111.785117 42.611337 97.77 26.65 NA
-111.784443 42.611337 104.63 26.08 NA
-111.783769 42.611337 115.29 18.92 NA
-111.783095 42.611337 121.21 24.55 NA
-111.782421 42.611337 127.09 24.09 NA
-111.781748 42.611337 130.4 23.57 NA
-111.781074 42.611337 123.35 28.08 7.98
-111.7804 42.611337 138.76 21.98 8.28
-111.779726 42.611337 130.66 25.77 NA
-111.779052 42.611337 123.93 23.84 NA
-111.778379 42.611337 124.89 23.36 NA
-111.789833 42.611642 95.3 22.01 NA
-111.78916 42.611642 87.94 21.82 NA
-111.788486 42.611642 107.74 24.33 5.89
-111.787812 42.611642 99.1 17.69 NA
-111.787138 42.611642 108.45 15.22 NA
-111.786464 42.611642 103.82 18.81 NA
-111.785791 42.611642 104.81 20.38 NA
-111.785117 42.611642 103.06 27.35 6.54
-111.784443 42.611642 104.01 26.93 NA
-111.783769 42.611642 109.83 21.97 NA
-111.783095 42.611642 111.98 20.6 NA
-111.782421 42.611642 118.05 25.56 NA
-111.781748 42.611642 114.27 23.48 NA
-111.781074 42.611642 140.44 21.15 NA
-111.7804 42.611642 134.44 20.69 NA
-111.779726 42.611642 110.67 23.29 NA
-111.779052 42.611642 128.46 17 NA
-111.778379 42.611642 131.73 21.46 NA
-111.789833 42.611946 109.41 20.56 NA
-111.78916 42.611946 93.85 22.1 NA
-111.788486 42.611946 106 19.47 NA
-111.787812 42.611946 96.74 17.99 NA
-111.787138 42.611946 107.82 15.87 NA
-111.786464 42.611946 106.34 17.11 NA
-111.785791 42.611946 107.13 20.26 NA
-111.785117 42.611946 119.28 25.5 7.42
-111.784443 42.611946 106.44 25.5 NA
-111.783769 42.611946 118.41 22.78 NA
-111.783095 42.611946 126.05 23.83 8.07
-111.782421 42.611946 137.27 24.37 NA
-111.781748 42.611946 136.05 22.48 8.65
-111.781074 42.611946 120.2 22.34 NA
-111.7804 42.611946 127.96 21.72 NA
-111.779726 42.611946 131.44 23.37 NA
-111.779052 42.611946 135.91 20.41 NA
-111.778379 42.611946 150.37 20.47 8.32
-111.78916 42.61225 93.57 19.67 NA
-111.788486 42.61225 95.26 21.08 NA
-111.787812 42.61225 97.73 18.43 NA
-111.787138 42.61225 110.48 16.85 NA
-111.786464 42.61225 99.23 17.67 NA
-111.785791 42.61225 107.22 18.09 NA
-111.785117 42.61225 109.77 25.12 NA
-111.784443 42.61225 108.61 27.11 NA
-111.783769 42.61225 117.74 21.9 NA
-111.783095 42.61225 116.37 21.23 NA
-111.782421 42.61225 126.08 24.34 NA
-111.781748 42.61225 120.03 21.8 NA
-111.781074 42.61225 147.33 22.74 NA
-111.7804 42.61225 122.55 22.04 NA
-111.779726 42.61225 112.72 19.73 NA
-111.779052 42.61225 129.91 21.26 NA
-111.78916 42.612555 99.02 18.41 NA
-111.788486 42.612555 94.92 20.64 3.58
-111.787812 42.612555 109.44 18.95 NA
-111.787138 42.612555 109.08 14.81 NA
-111.786464 42.612555 109.9 17.15 5.4
-111.785791 42.612555 104.5 21.1 NA
-111.785117 42.612555 109.88 22.75 NA
-111.784443 42.612555 85.8 21.58 5
-111.783769 42.612555 107.97 21.98 NA
-111.783095 42.612555 124 22.45 NA
-111.782421 42.612555 127.81 22.5 NA
-111.781748 42.612555 131.63 22.39 NA
-111.781074 42.612555 124.99 23.55 NA
-111.7804 42.612555 110.34 23.19 NA
-111.779726 42.612555 120.92 21.77 NA
-111.779052 42.612555 119.26 20.99 5.95
-111.78916 42.612859 96.84 18.58 NA
-111.788486 42.612859 94.63 17.68 NA
-111.787812 42.612859 124.98 21.05 NA
-111.787138 42.612859 100.77 19.64 NA
-111.786464 42.612859 91.91 18.69 NA
-111.785791 42.612859 112.7 22.9 NA
-111.785117 42.612859 109.54 26.46 NA
-111.784443 42.612859 97.17 21.31 NA
-111.783769 42.612859 115.1 22.13 NA
-111.783095 42.612859 107.8 19.04 NA
-111.782421 42.612859 111.64 23.3 NA
-111.781748 42.612859 118.04 25.67 NA
-111.781074 42.612859 125.99 24.22 NA
-111.7804 42.612859 107.11 22.06 7.04
-111.779726 42.612859 119.1 21.77 6.63
-111.779052 42.612859 116.33 22.18 NA
-111.78916 42.613164 94.57 15.58 2.7
-111.788486 42.613164 112.58 15.84 NA
-111.787812 42.613164 119.9 18.45 NA
-111.787138 42.613164 100.07 21.21 NA
-111.786464 42.613164 97.38 19.36 NA
-111.785791 42.613164 95.46 25.86 NA
-111.785117 42.613164 95.66 21.85 NA
-111.784443 42.613164 97.97 22.31 NA
-111.783769 42.613164 103.04 21.23 7.87
-111.783095 42.613164 120.65 21.44 NA
-111.782421 42.613164 133.05 27.63 NA
-111.781748 42.613164 130.32 26.54 NA
-111.781074 42.613164 117.67 25.47 NA
-111.7804 42.613164 116.13 23.27 7.26
-111.779726 42.613164 111.45 22.43 6.51
-111.779052 42.613164 110.44 22.78 NA
-111.78916 42.613468 104.68 18.16 NA
-111.788486 42.613468 129.84 16.74 NA
-111.787812 42.613468 110.88 19.58 5.83
-111.787138 42.613468 123.8 23.03 6.34
-111.786464 42.613468 111.01 24.56 NA
-111.785791 42.613468 81.52 26.09 NA
-111.785117 42.613468 85.56 24.98 NA
-111.784443 42.613468 99.49 25.01 NA
-111.783769 42.613468 95.47 20.86 NA
-111.783095 42.613468 116.5 23.62 NA
-111.782421 42.613468 129.46 26.21 NA
-111.781748 42.613468 134.16 24.52 8.32
-111.781074 42.613468 114.95 25.94 NA
-111.7804 42.613468 102.84 24.76 NA
-111.779726 42.613468 106.1 25.74 NA
-111.779052 42.613468 117.98 22.03 NA
-111.78916 42.613773 105.16 19.71 NA
-111.788486 42.613773 121.04 21.26 NA
-111.787812 42.613773 109.67 18.16 NA
-111.787138 42.613773 110.22 19.02 NA
-111.786464 42.613773 94.43 20.69 NA
-111.785791 42.613773 97.85 25.92 NA
-111.785117 42.613773 90.94 26.09 NA
-111.784443 42.613773 86.51 25.15 NA
-111.783769 42.613773 103.97 22.05 NA
-111.783095 42.613773 101.66 21.73 NA
-111.782421 42.613773 122.77 26.62 NA
-111.781748 42.613773 120.76 24.98 NA
-111.781074 42.613773 124.33 24.79 NA
-111.7804 42.613773 107.66 22.14 NA
-111.779726 42.613773 105.48 22.15 NA
-111.779052 42.613773 110.78 23.2 NA
-111.788486 42.614077 103.85 21.74 5.13
-111.787812 42.614077 103.12 19.84 NA
-111.787138 42.614077 109.43 21.31 NA
-111.786464 42.614077 84.81 25.97 NA
-111.785791 42.614077 93.36 26.94 NA
-111.785117 42.614077 92.95 27.11 NA
-111.784443 42.614077 91.34 23.63 NA
-111.783769 42.614077 106.68 21.11 7.06
-111.783095 42.614077 95.7 24.68 NA
-111.782421 42.614077 121.77 27.61 NA
-111.781748 42.614077 106.97 26.89 NA
-111.781074 42.614077 119.68 22.57 NA
-111.7804 42.614077 101.11 23.41 NA
-111.779726 42.614077 113.78 24.66 NA
-111.788486 42.614382 97.24 20.97 NA
-111.787812 42.614382 94.97 19.58 4.61
-111.787138 42.614382 86.69 23.15 NA
-111.786464 42.614382 98.89 28.19 NA
-111.785791 42.614382 77.73 29.63 NA
-111.785117 42.614382 77.2 25.42 NA
-111.784443 42.614382 81.2 26.63 NA
-111.783769 42.614382 96.96 27.6 6.49
-111.783095 42.614382 116.59 22.09 NA
-111.782421 42.614382 122.75 25.35 6.85
-111.781748 42.614382 114.28 25.24 7.75
-111.781074 42.614382 104.48 23.49 NA
-111.7804 42.614382 108.53 26.89 6.57
-111.779726 42.614382 106.14 24.08 NA
-111.788486 42.614686 95.42 22.43 NA
-111.787812 42.614686 91.68 23.06 NA
-111.787138 42.614686 88.1 23.08 NA
-111.786464 42.614686 90.36 25.23 NA
-111.785791 42.614686 69.98 26.78 NA
-111.785117 42.614686 80.56 28.57 NA
-111.784443 42.614686 99.72 26.66 NA
-111.783769 42.614686 97.77 22.24 NA
-111.783095 42.614686 105.25 22.54 NA
-111.782421 42.614686 108.84 27.88 NA
-111.781748 42.614686 109.03 27.5 NA
-111.781074 42.614686 112.42 26.17 NA
-111.7804 42.614686 105.33 24.99 7.62
-111.779726 42.614686 110.38 23.01 NA
-111.787812 42.614991 97.32 27.34 7.18
-111.787138 42.614991 92.7 25.32 NA
-111.786464 42.614991 71.88 26.09 NA
-111.785791 42.614991 73.65 26.29 NA
-111.785117 42.614991 76.84 27.99 NA
-111.784443 42.614991 80.58 27.35 NA
-111.783769 42.614991 87.34 24.78 4.51
-111.783095 42.614991 115.88 22.95 NA
-111.782421 42.614991 108.5 25.99 NA
-111.781748 42.614991 105.43 30.42 4.86
-111.781074 42.614991 95.69 27.45 NA
-111.7804 42.614991 101.48 27.31 NA
-111.787812 42.615295 96.08 21.53 NA
-111.787138 42.615295 78.37 22.35 NA
-111.786464 42.615295 79.56 21.15 NA
-111.785791 42.615295 69.61 27.73 NA
-111.785117 42.615295 66.61 27.01 NA
-111.784443 42.615295 83.19 25.68 NA
-111.783769 42.615295 92.1 21.7 NA
-111.783095 42.615295 100.37 22.08 NA
-111.782421 42.615295 112.98 24 NA
-111.781748 42.615295 120.22 26.79 5.79
-111.781074 42.615295 120.99 26.11 NA
-111.7804 42.615295 111.24 25.88 NA
-111.787138 42.6156 100.6 24.27 NA
-111.786464 42.6156 79.77 24.19 NA
-111.785791 42.6156 73.13 27.62 6.26
-111.785117 42.6156 80.3 27.15 NA
-111.784443 42.6156 97.05 28.55 NA
-111.783769 42.6156 89.13 23.58 NA
-111.783095 42.6156 92.18 22.43 NA
-111.782421 42.6156 120.93 25.19 NA
-111.781748 42.6156 107.9 26.65 NA
-111.781074 42.6156 114.17 26.09 NA
-111.786464 42.615904 67.28 21.5 NA
-111.785791 42.615904 75.53 24 NA
-111.785117 42.615904 70.06 24.52 5.4
-111.784443 42.615904 83.16 27.42 NA
-111.783769 42.615904 77.1 20.52 6.12
-111.783095 42.615904 101.82 19.67 NA
-111.782421 42.615904 105.95 20.29 3.56
-111.781748 42.615904 119.72 27.15 NA
-111.786464 42.616209 85.17 20.37 NA
-111.785791 42.616209 66.66 24.43 NA
-111.785117 42.616209 64.52 25.27 NA
-111.784443 42.616209 72.9 23.18 NA
-111.783769 42.616209 84.28 20.99 NA
-111.783095 42.616209 88.05 25.5 NA
-111.782421 42.616209 96.99 21 NA
-111.781748 42.616209 119.22 26.04 NA
-111.785117 42.616513 73.43 23.34 NA
-111.784443 42.616513 72.08 25.07 NA
-111.783769 42.616513 80.46 21.44 4.34
-111.783095 42.616513 85.65 21.42 NA
